-0.44077351657394814,-0.38243332339715064,-47.88849747199704,-3.3650868142289774,-1.2555682621784048,13.422604806023207,-1.0379259032094748,0.5406018662190687,1.0211109076471514,0.9446231031985198,-5.240868258120754,-1.2637016957770246,-0.9574324035830687,0.9096412151579388,0.5630685584698621,0.020955974654078103,0.06791868206747256,-0.3235723070216413,-1.8504026602783032,-0.60748251429518,-0.2965997621559013,1.2436767152259278,Gambusia Affinis
0.24234634464330895,0.22589318115093082,-51.804872674090674,-5.456616706920633,-1.4892547208365716,12.651244726295957,-1.1300576702741354,1.3622066807423892,-1.9205997236510515,0.8032273477422804,-5.12655528827225,-1.5619212537413858,-1.1948914055307351,1.0330366407181877,0.1555723029815099,0.4765286483041683,0.456660799903466,-0.5535385854431303,-1.7262360482845396,-0.2747854865816307,-1.0462370983597549,1.2960280928608119,Gambusia Affinis
0.033379268667147244,0.5683518355510553,-50.69104871421574,-2.9001019177227447,-1.1290826606212587,15.341685311626199,-1.2778948301681192,1.201254191425078,2.2870913351125375,1.803204456337687,-5.424316509877988,-0.1455054606391485,-1.9479448659959167,1.0657714940401344,0.1649453047914367,0.2456209295820792,0.21502822374257372,-1.162980662957224,-1.902455158280332,-0.571552978319568,0.07201568247277519,1.3877985520985983,-0.6657998934024297,0.4084781312942188,0.08578063247082061,-1.4999014422168795,-0.29546895451771593,-0.2921962544753746,-0.03197114913575553,1.4341514246338651,Gambusia Affinis
-0.2675339275783841,-0.42451482477957736,-71.62280989333762,-4.061786861809593,-2.1102124011540373,17.224425235983684,-1.9290656429634734,-0.10360293822664116,0.7693606602518227,2.6013228993852633,-6.832279749183277,-1.3855421686831522,-1.587733900258474,1.25662648508956,-0.19483094074637686,-0.4343887615376959,0.5630947782098937,0.34081579348030455,-1.9748173326518565,-0.44230616948950935,-1.40322610324007,1.1685120372535995,-0.4030396023444587,-0.2283208286826947,0.2467316916603506,-0.28057599626951574,-0.7633535187912881,-0.15189212097977914,-0.9918566128647412,-0.2509984927617008,-0.0819756417545497,-0.17590968897334283,-0.025194467150160122,0.7241344204505685,-0.875216743829254,0.04619865590355435,-0.2539033809750036,-0.033164896228933274,Gambusia Affinis
-0.9764467307557538,0.29435014277352334,-53.33355007132979,-7.162180289489616,-2.4307638031859775,15.544399687825544,-0.8148912084013417,3.3684980817154884,0.368655854616381,2.522666464175978,-5.181720931216573,-2.0888330115862286,-2.215420950442397,0.6316369638704441,-0.2898839242405613,1.0436209674413455,0.35920619315533947,-0.7935731232550189,-1.6854174908727926,-1.0722029850324422,-1.1021132111412362,0.41705353214392277,-0.43052098735494565,0.26025415252481404,1.240463324954224,-0.29313713195385593,Gambusia Affinis
-0.830620517541405,-0.4732412584465102,-45.59798255637046,-6.012009442235552,-1.6628687381871294,13.57263358453256,-0.5612461323456646,1.639165152336184,0.9505400712444156,1.7886092346939955,-5.575236370106827,-0.6156527570677308,-1.725711923744738,1.1497627902749419,-0.0873812762206144,0.09098417811292431,0.30806447847764246,-0.3148134579204632,-1.5541286376613064,-0.9888738748190893,-0.11010390640367429,0.8281834980341192,Gambusia Affinis
-0.10327525899954537,-0.2682428284359646,-36.86058729551898,-3.6546297561117944,-0.9947644827059301,9.001806354103156,0.10738906274521526,1.0875625395313477,0.14743172193763374,0.6144225108230077,-4.129074618608,-0.870853755003237,-0.9572383121250638,0.6017680316427607,Gambusia Affinis
0.1561813118064208,-0.3345380157482718,-58.99937844721032,-3.4096004130178,-1.3031240087971154,17.103572916101395,-2.3028559545603766,-0.17837993277636133,0.5384683291415229,0.10600599805041545,-6.553105390721515,-0.8280803656473101,-1.584557158230983,1.5023251171587333,0.19936913997827407,-0.03436597939954529,0.2605723031018235,-0.6996178690646293,-1.7652132207484061,-0.08510963423005452,-0.3489880854838426,2.586396534719738,-1.1668085474687355,-0.20669073505629057,-0.14205466405149353,-2.1541789203549815,Gambusia Affinis
-0.222515932445134,-0.3961363161976936,-33.092429005872106,-3.0760177158981867,-0.9997727362133607,8.971046594452986,-0.7410991384711966,1.0329599082333083,0.24298835447825443,0.7346468942751947,-3.577480400127681,-1.1380605598945763,-0.6746498219166157,0.7198333794700852,Gambusia Affinis
-0.03866195080102841,0.24010917737309345,-66.63389660780572,-6.579870190659471,-2.1097395014781273,20.409676087546377,-3.2403973867631546,1.967227373751385,-0.6292318794224987,0.8713678380469211,-8.901264846235563,-2.472934029870086,-1.6167014686133179,1.5503571840817725,0.8722322426610013,0.540621701518816,1.0955780858924469,-1.8498178395423186,-1.4059020444019021,-0.10652006535819766,-2.1220365728225508,4.003819568795658,-1.7856942226608714,-0.5056501648252013,1.023819001868507,-1.592373252186571,-0.40038966409087784,-0.4479757579299261,-0.6294552574966278,-0.7113663358234861,0.045369871851869956,0.343028647713641,-0.15342854029605793,0.7729559238859676,-1.0148815537595763,-0.06904197220406921,-0.5116821152096195,0.7800646765475512,Gambusia Affinis
-0.8433530239492057,0.4773937069374252,-69.92923358214009,-7.841569612404918,-3.1844414894148256,20.988715722462256,-2.58495722501489,2.7965219912064927,0.8682097151273115,3.101840538508739,-6.954000559702633,-2.175592003279359,-3.417493388407403,0.9094418135904999,0.39665326310655463,1.0902845974318494,0.8400301244148194,-1.1020315891266477,-2.466695674204582,-0.323747569932768,-1.8253543655606668,1.491030876402923,-1.2341573205694951,-0.5501087630511744,1.7355068237425633,-1.3148037179642456,-0.15923325357602552,0.11197065413088138,-0.7069376694411967,0.6491152164059241,-0.6479891695270844,-0.03890882550585024,-0.04043693621913802,1.0095132815379746,Gambusia Affinis
-0.3065172149743347,0.4731453067332523,-44.13687881772466,-1.4082326086232013,-0.4530829302381246,10.359532938335617,-0.21305462449830626,-0.8212927904735582,0.6890324634973358,0.8895458961157168,-4.923633724007123,-0.1549450525764323,-0.8781688944530147,1.3515424739832038,0.052377411788179715,0.036541675472439084,-0.028726855694439564,-0.7511871496788831,-1.2925993595602387,-0.2595281889529604,0.08556644850452602,1.5010571800684065,Gambusia Affinis
0.32041987650377735,0.4913982323753199,-42.296228515846,-2.8724263240184205,-1.126782826737461,12.440787076513354,-1.7580259310569186,0.39086291724147104,1.7380105278437734,0.7110421724123968,-4.181141422272657,-0.6608127163598506,-0.8874231894503576,1.268677906620767,0.20514927099936503,-0.1750315052476205,0.5744909219089462,0.11199758973656618,-1.305965401829934,-0.06631437934912436,-0.8564969082877639,1.45025008092297,Gambusia Affinis
0.0980569844260657,-0.20027977562679666,-74.18835267042414,-4.175356754707264,-1.6249079922185903,20.948770272685024,-3.086042380575516,2.7387982943828213,1.711317630867757,2.4160528165420683,-8.6782725555893,-1.9139868298801421,-1.9552872379392598,2.3710911392368383,0.8926600467108359,0.4269110800446191,0.29349641790850095,-1.9459027458380391,-2.3908691435515204,-0.41479592648608166,-1.122317913197892,2.633563279428356,-1.6901842043862914,0.1326625977472912,0.5950154419960131,-1.8370673210724464,0.011234438635262274,-0.11742142282410413,-0.44646060280621125,0.8774451844628128,-0.5164961021348458,0.4136137773381905,-0.3015919901818683,1.0615797591686933,-1.1065504178190948,-0.18672575070035638,0.027696460608633146,-0.2202756665422227,0.17680812997099396,-0.2706193311697848,-0.025225160341628756,-0.4693188325807416,Gambusia Affinis
-0.6884162134717258,-0.2363455845504352,-49.64449440814987,-2.4577829313059607,-0.7265332146264476,12.37789577190965,0.07858721064499956,1.434350728873058,0.27551905219334966,0.7459099467931419,-5.571971472585037,-0.5814764622141099,-1.005753353445658,1.4546128530928006,-0.23970961145645509,0.2627061336242228,0.26893213429900864,-1.2051375745745607,-1.5217761953960323,-0.4199311722336844,-0.2905360089434445,1.470199106864277,Gambusia Affinis
-0.0188075651312829,-0.2701237890086361,-75.60361817519708,-2.7426235117278077,-0.9771357036510806,21.326850372439136,-3.1362809306213912,2.4928233002150697,-0.001039886348470477,0.5538349141124596,-9.055524394131924,-1.2063487805067563,-1.3130840197361942,3.352454511068956,0.5664071667139754,-0.55142405534888,0.9757896455954055,-2.912408911270442,-1.727047983892487,0.049991553179973676,-1.2064037835760075,4.696159219374134,-1.894075503493677,0.3491563474064454,0.09954688560151527,-1.8162430809500771,-0.5832815557624053,-0.28879665958865763,-0.4704227058253297,-0.2116166744406358,0.0387132513390475,-0.12352119536579678,0.1866556626125587,1.085064820292389,-0.8106800522182781,0.29524964372709256,0.07471623173915894,0.3472581138424112,Gambusia Affinis
-0.6823276465985941,0.2422302365423432,-68.7488790222651,-3.5507013900985096,-1.714427687243708,18.771180127243248,-1.3766276433991689,0.5647299846176015,0.7087540488896559,2.2827881415843034,-6.433926484870156,-0.9274266090742125,-2.16333273999853,1.7843658051434867,-0.41606271013576746,-0.2455336467965284,-0.0011095617537553789,-1.763756453411044,-1.9546512025187515,-0.11113280226495631,-0.645156274439969,1.9812696266748822,-0.980567777624106,-0.015325411528779174,0.3986857586832307,-1.1038686914282805,-0.38458137408834847,0.17152690456122038,-0.3924402558256438,0.4638511841467886,Gambusia Affinis
-0.4131839171360596,-0.41204753444780584,-42.06393747434134,-3.8200788995804054,-1.3219325843212713,11.351239175947837,-0.741290675559905,0.6176382552878749,0.12495375177344992,1.524732813577528,-4.087801620771121,-1.387450861608398,-0.8529589170544702,0.9220315434755628,0.17684518234463384,0.3291045649919995,0.23762682215471295,-0.3771700088046217,-1.358437803685602,-0.38817149799976314,-0.8659703901074018,0.7392852733380774,Gambusia Affinis
-0.04270401743568186,-0.30342914983480274,-69.20708578065027,-5.133997473223518,-0.9247403150621267,18.141280655238432,-1.0852504195098267,2.0683506210857234,-1.2379942809438116,0.9771021628235714,-7.004101292172031,-1.289738852466284,-0.6041855501972716,2.5557333044279598,-0.5391039948631484,-0.24636112877042252,-0.030485028367352028,-1.8723694620941906,-1.6836383344639707,-0.12824391290054465,-0.8266115386976984,2.3704302583535894,-0.7798641511126416,-0.22278656168280275,0.36519024909107495,-1.4057633234536084,-0.9786569985603708,0.23028426108899863,-0.7677348563629827,0.8995936975744822,Gambusia Affinis
-0.6903504797021611,0.5746588371547201,-77.2550037094793,-8.491812239627492,-2.8340256991215806,20.89611781621195,-2.5236316453297776,1.6437040403502177,-0.3966453762106141,2.434536878101919,-7.610932994243571,-2.1739600860222077,-3.025442137141716,2.2833944759344904,0.10945519902185903,0.42178123885158453,0.180964602783625,-2.3171513069506564,-2.2260731129653983,-0.30728664065131617,-1.5928627873249162,2.161739081225653,-1.3188678859875087,-0.2653357799286704,0.8736123057172093,-0.9536333682243086,-0.16595260934028147,0.009324966821317815,-0.3909665717451308,0.1300543242536797,-0.501870453150195,-0.12536541034656656,-0.4301660330747133,0.839002215084636,-0.8553026185238684,-0.11590313603033307,-0.051210832681229626,-0.049943623101857064,Gambusia Affinis
-0.3939532537966599,-0.09134111933172506,-51.03327039737613,-3.8519135604378554,-1.1409472009553339,12.410181932437164,-1.4598195799035352,2.653414400946792,0.3604403793994542,0.8977826337186215,-6.358835102260422,-1.912943437738132,-0.7747179728912863,1.576929650048324,0.41833402647928625,0.3039638681571833,1.0952399885620592,-0.5534199156225427,-1.371852346756559,-0.1490147336246896,-1.1267799856826215,2.2512493572834194,Gambusia Affinis
0.013089654422628882,0.2744335944404712,-56.443002577492145,-6.606138330438041,-1.7305474039734947,16.109179996805533,-1.6761325487510732,2.650530739093924,-1.6140981196541428,0.8722767872470781,-6.570689705208309,-2.3297284292417832,-1.0177740177658374,1.3265819666584027,0.4778706567383554,0.3441385645833799,0.6033338861340314,-0.829229392526012,-1.700539574852701,0.036313718516823044,-1.4419206461966387,2.0356414827801212,-0.9802621757210646,-0.22330235566344434,0.5485103324501585,-1.0905696056187826,-0.3716700870387505,-0.2626176917015846,-0.824979862344049,-0.1567204974885869,-0.08562871912335486,0.1024932845244602,0.09525055604369884,0.7678300432874468,Gambusia Affinis
-1.2421124866095568,-0.20494023010984375,-88.11640071982148,-2.610290772168537,-1.7743268650119306,27.129312679542995,-3.9535874370897086,-1.2543701441822075,3.0499236178970777,3.694068850103249,-9.043461305164342,1.3216535254716115,-3.376697719147982,4.363606752189759,0.31560861526289846,-0.19280757746795246,-1.1754472527991289,-3.672506371762767,-3.001037025084921,-0.7309389153297532,0.7239801972687439,2.621835661624693,-1.5111368433839798,0.8539645977977136,0.3128436279111557,-2.3604531194243887,0.09501363188908495,-0.093617393342054,0.10389451974901595,0.9546733521534505,-1.380541898176143,-0.41085971600355264,0.5733485947942445,1.1951980253373626,-0.9147068812939816,0.05590042391362185,-0.38537696050777387,-0.5519178007516228,Gambusia Affinis
0.3638654181998504,-0.04704034727207551,-56.038252915500266,-1.9019892112279582,-0.3870614464557363,14.375741702473057,-1.3875829930611285,-0.33004526331309736,-1.0035180251271427,0.7381101299950338,-5.989004435635186,0.10909848597938757,-0.5539083715515614,2.189201534549957,0.15986670066269845,-0.20359436390159782,-0.6635399364366673,-1.5642418216457639,-1.7017389229277746,0.023250459978985494,0.44658621794667763,2.4756314472832943,-0.911709564122963,-0.15796586856660935,0.026207377686503157,-1.491846802320067,Gambusia Affinis
0.07209963196959279,0.12299496973883439,-69.78444482957885,-8.677325676736308,-3.3969275255735183,22.840541525171258,-5.751947931761556,5.227835756816597,-0.24052590068553084,1.0022181509348698,-7.405271021929509,-4.4765173937855485,-2.0329423852518667,0.8355778761027888,0.6565695821802582,1.2356177334949596,2.1202174947776857,0.1529170250067405,-2.487945128729329,0.11743332275065219,-3.4334288247794333,1.847077521627935,-1.277712060141975,-1.103610901535167,1.9809896437902241,-1.3644632067976112,0.16041627074204395,0.39140970377961415,-0.7401843074084892,0.10035771326974977,-0.9984386824438601,0.23416764932414916,-0.6034330689406435,1.1413845374031752,-0.7100145673664486,-0.697820261657917,0.0634907136934729,-0.33069876174721546,0.27796946552126434,0.1281569642277867,0.30221860945055523,-0.2990049316173732,Gambusia Affinis
0.5987520161662161,0.6749322056522171,-51.1790782292434,-5.806763026801308,-1.347746050130283,12.350135190532988,-2.6482510574598725,2.385521077061132,-0.27249114328766205,0.4828237831056984,-5.184978668770389,-1.4544628316394048,-1.0420460024437237,1.7410043369446748,-0.4299695730790709,-0.08714211303265551,1.1410532081041347,-0.7709454176112511,-0.9612949345349417,0.3117338149116639,-1.392298761379443,1.75392351427227,Gambusia Affinis
-0.5644111411214112,-0.16005234340839403,-49.519868563173695,-3.5845648319850136,-0.9678690880003155,12.712835416301866,-0.8225590864535712,1.368788115066388,-0.27953355245449646,0.9141289108651508,-5.158518035181728,-1.191688634792974,-0.7408942902470189,1.67230482365213,0.1446270232527909,0.2606355066951731,0.5551049049580886,-1.0973139600097541,-1.4338969248811069,-0.13011253188540273,-0.6431583250458164,1.7502556639079536,Gambusia Affinis
-0.4041311991499654,0.4715801721029562,-46.050292590485384,-5.807697756357408,-1.7197298065880677,12.837388540291897,-0.5324674212251891,1.7877114336483477,-0.11600158832918601,1.769787650034259,-4.589482698833789,-1.042015429877893,-1.7995352253638244,0.9848987668750637,-0.26201343356903495,0.5628850232737681,0.1008619500181715,-1.1084160944014447,-1.416323348434143,-0.8347751554554103,-0.7327029709755977,0.9319499394662809,Gambusia Affinis
-0.30486011751949604,-0.42105449730882016,-62.870722496099766,-3.6221534397227364,-1.1270246868581597,17.464917933742242,-2.391778083815516,2.6929416638258883,-0.4296841367043658,1.170452482753005,-7.870665963415768,-1.477531089477821,-1.4915415724216252,1.7061395926939182,0.8147604991125487,-0.10747728550418513,0.8197758382364784,-1.9507099287102314,-1.6032601939541435,0.07350694154152436,-0.9402720356958308,3.5715154564922513,-1.4174271074955576,0.2591064193059865,0.3264767050683083,-1.3440950666615679,-0.602794578783336,-0.4305990313262775,-0.7756434144613641,-0.40506998857520465,0.09803500830196708,0.1101390935669705,0.2858912449949692,0.8845297183408743,-0.8438906682959706,0.2626160496351836,-0.16140619872148865,0.39879344983019627,Gambusia Affinis
-0.5221933992293444,0.47071429763010375,-45.92923389955654,-5.944486250350259,-1.2111071392176764,12.23833671130562,-1.9767853268060225,2.2241210618167657,0.6620794061310562,1.248077773829452,-4.674011828449523,-1.3112094285866958,-0.13576492105919058,1.7622430046988593,-0.030063911222427256,0.3115910013519756,1.0607876694867335,-0.3882535695383747,-0.5781537000501348,0.818916241041594,-1.915867062592139,1.8523500965784787,-1.7215113918883367,-0.6107671749477258,0.17558606850143146,-0.8631853384273644,Gambusia Affinis
-1.0974549744433233,0.5468325913425893,-89.02949477679381,-9.776874414827752,-3.673887850599663,25.731744777124945,-1.7324301414429915,1.3184017715368117,-1.3324028208961736,3.6216397087182526,-8.544608785086693,-1.794177066280733,-4.168806739543498,2.422520294541897,0.21505037225911952,0.8234505464999757,0.19774558583699406,-2.694770450409285,-2.8524661233988766,-1.085054347900751,-1.2788562515545754,2.3393776577074754,-0.7773596127860393,0.5172802802969477,1.3299398954363308,-1.4282326864929915,-0.7737594133071276,-0.22659638734959794,-1.268643511441219,1.104083215452417,-0.886982690784371,-0.29047840615616777,-0.2130481600910992,0.46199529959116553,Gambusia Affinis
-0.5980502698699013,-0.305781345175296,-94.87596763614926,-3.5913857997073633,-1.1655046760930612,27.252314794388685,-3.111126328764604,-0.815936753620891,1.8775524241197303,2.214793070468785,-10.102497940582312,0.12477690431141218,-0.9888367902712222,4.104073850653126,0.9700298743770472,-0.9541080097430886,-0.8262001991926561,-2.9298702491066053,-3.0131363655149586,-0.6584740241669729,0.4385564436471529,4.280719140007475,-1.2835750987367727,0.06986985028549406,-0.10607174188270588,-2.4291211929687244,-0.47028812713566126,-0.17387752583650132,-1.1878037089538276,0.6969803915749104,-0.6269778187616238,-0.40671186495731276,0.3041948110639493,0.9936661828378215,-1.0141027409890817,0.2171729563811311,-0.0755572107866797,-0.1501856812319307,Gambusia Affinis
0.4032239091576457,0.2673668708953676,-69.04266651275071,-2.994611234613358,-1.0692895315249569,16.64705835965024,-2.250819422062574,0.14312424897960704,2.000402780395912,1.2968629779293057,-6.084858249762998,-0.599974794459388,-0.6033863951076891,3.411457728789359,-0.8474471014925987,-0.06946218590367507,0.7277184281166282,-2.1229217632362576,-1.2519655192183499,-0.6197126904994514,-0.49467879446028,2.9415162278962477,-1.305472130310226,-0.13321690147865703,0.11743637834408027,-0.9129826516657693,Gambusia Affinis
-0.584264531310076,0.2737986289624521,-47.504635489369065,-6.031713660458143,-1.9034270805179814,14.529279612456358,-0.932729968647916,2.6998212585604957,-0.10449718491316708,1.1788435192754492,-5.4146515465803935,-1.4859274380068503,-1.1370087428766797,0.693854845653053,-0.24841516631736055,0.4150466965177809,0.27708719920278346,-0.2842932151798988,-1.6322729579970274,-1.0540688271798884,-0.9377822588320939,0.9926738206342699,Gambusia Affinis
0.45507396904210395,0.22103497258370153,-39.342704577475054,-2.262272480035178,-0.6308085557891492,9.913868121915481,-0.26682278608380366,-0.4139044421678438,-0.9051644776937586,0.595118506375742,-3.961879698128868,-0.8782812455464236,-0.23441070986567855,1.130844212217064,0.013821062405267587,0.08347763710841269,-0.23216501254905766,-0.43791656756881653,Gambusia Affinis
0.1314038750946196,0.07536521852923972,-40.15919379162691,-4.383896256063761,-1.3370671827559744,11.569314436032178,-1.1075223779296497,0.8943426592821887,-0.3359485333299968,1.3271827908007419,-4.061890895236964,-1.1781638514972612,-0.963757058685382,1.1312595769983986,Gambusia Affinis
0.11957978458811169,0.13656670553503236,-76.03371604805494,-7.69960884847683,-2.1671725556432566,21.74671453784521,-3.573571180252713,3.955755615165023,-1.6725797774290019,1.4995140976036285,-9.021541599519699,-2.6720399409702806,-1.7278167120556256,1.7389903577103112,0.6483544939594941,0.3758752735090768,1.0180633535568235,-1.1711855683903387,-2.092893144610313,-0.09875652115806353,-1.7435829724780227,3.122844762811353,-1.7897137150961242,-0.40971410506316935,0.9868810869536536,-1.7029149567092634,-0.019192866643339006,-0.23185366838083482,-0.43258166147469285,0.19642820066459515,-0.5292338048125731,0.3020118899258002,-0.619331573931926,1.5357098551128732,-0.9897348479304617,-0.17543015810093038,-0.307552252622333,-0.20329936970916918,0.04843079839944346,-0.38443299742424114,0.2345490275698095,-0.8830663695898645,Gambusia Affinis
-0.18809066125687934,-0.3874616540307594,-53.21510842174707,-4.745571192194601,-1.4477441231876766,14.645894407406066,-0.7828314681105967,0.05326390984826839,0.16513893229968188,0.7974174934397423,-5.474458125512195,-0.4461178406297559,-1.584386057477879,1.8846933151935186,-0.5266064200194437,0.08381931037659814,-0.050541971256457256,-1.657565144944988,-1.2804497124895027,-0.7473116968932761,-0.1727355143914162,2.0358324169768003,Gambusia Affinis
-0.42308239774091305,-0.19415411293284857,-59.635101892325494,-5.154528769856997,-2.2417761823546103,16.847894576766084,-4.402258322307113,4.20807763683235,1.9473416011260036,2.0685245585821352,-6.727153986354915,-3.794079289141417,-0.7858117475361296,1.0666258614263386,0.8949927881059311,0.9919749154624273,1.421338851289098,0.23968462581445976,-1.756390860061148,-0.45139461625142624,-1.9476419484149972,1.6883531070467992,-1.5589666509874323,-0.5267149044611115,1.0336076017125382,-1.608318250270349,0.42815075075114123,0.032510048979040466,-0.7539283047405676,0.5723787993382683,-0.9605545418072402,0.049432795408798705,-0.24967263621101396,0.8200669492661472,Gambusia Affinis
-0.1556101301089967,0.3696265052180223,-51.22262908281394,-1.7605044202449287,-0.39635263481282035,12.414709167111546,0.2959015662051587,-1.1993072709309,-0.004980473335507998,1.2516294572296958,-6.660144661998404,0.05280891754214821,-0.5169052128180375,1.6992243700993732,-0.09583756858820425,0.07410154222912789,-0.5637636181887639,-1.303437292783048,-1.3215009235566488,-0.34010487761307767,0.2827101386800434,1.5903246988109614,Gambusia Affinis
-0.92203516903664,-0.22096775229528487,-47.13470595530333,-2.648096624227622,-0.7744098990836936,12.10573204983554,-0.4504784530124494,0.9242852135569221,0.2929523680381996,1.1446246884438822,-5.137906253614996,-0.8445579282856694,-0.8042060082690873,1.1512472791575887,0.07220119275037815,0.18680094383968548,0.13104616123385676,-1.0642273712675527,-1.4788501777367147,-0.15790344527461678,-0.18710626263723643,1.3333207608970492,Gambusia Affinis
0.06490869872165206,-0.016518205694672994,-57.39726758328349,-3.99218038528326,-1.4283103272909397,15.868202313497918,0.03976714281178718,1.6420251927526535,2.8684609463343196,3.1979998480766207,-5.73553086570491,-0.2298352921379347,-2.0576952969067666,1.6490604945884355,-0.2549119674678576,0.33602489391179297,-0.21113211342583998,-1.6913788751660754,-1.8414261732604944,-0.7328723586510205,0.2913193547569581,1.1508577515787688,Gambusia Affinis
-0.13282556856162842,0.3419415101336689,-44.837318857268095,-3.5182858875840166,-1.1159028264037658,11.199330582718146,-1.615123219270996,2.024809253502554,0.0890809351408943,0.6049397968366057,-5.072897920470749,-1.9819999003679332,-0.41132896667911245,1.0696533698621917,0.5596136511231656,0.2834939742443723,0.8696029895340588,0.08856483166188045,-1.5758449839322133,-0.1886026872906181,-1.3998431687486095,1.3619369311457454,Gambusia Affinis
-0.5422598562552707,0.36927562521121615,-63.60060522755225,-5.404395429860589,-1.8211997990558892,16.538616277253194,-1.2587399476007608,1.706802944977847,1.0558934508631321,1.7060069715953754,-6.528926821468931,-1.802210294329589,-2.5588526198568395,1.5406179974068837,-0.18767119048864161,0.2588046691466774,0.30211207060086376,-1.7247560125250543,-1.825014852234221,-0.6118323722317959,-0.9139477403240949,2.099682850284031,-0.618058331798435,0.1942602197435259,0.6175490045982187,-1.4386855371137248,-0.5265214614940489,-0.12455774923694148,-0.9252187459347156,1.1576613252979497,Gambusia Affinis
-0.11357988697750443,0.18490439651639123,-55.32735090177283,-2.037672299316369,-0.9930766557078053,14.594353052784207,-1.7200235056194906,-0.6733846042697574,1.7855392859955497,1.472388000473514,-5.8963130082836175,-0.010929766758551904,-1.5535346347492371,2.034064404114116,0.06535321970170707,0.05358796027564382,0.06994393551063487,-1.2587420968537124,-1.347964071620805,-0.12831769396872703,-0.10767499789569847,2.0062904134857944,-1.1349012795669084,-0.1418778702569589,0.21458606699259852,-1.6663290694690895,Gambusia Affinis
0.5499032345571919,0.3191138383863643,-76.14243461754911,-2.2889294754251033,-1.1451591017283034,19.804861982184843,-2.227578229026706,1.7992889756225798,2.7156044758497666,2.6580793051008604,-7.84181774463125,-0.6680121554527984,-1.6092208922009834,2.7331823056057876,-0.16868276684393763,-0.20049872919234715,0.14707974478089145,-1.9512626188477518,-2.077219150753953,-0.38913318841829697,0.07637160460335832,2.2257066539811112,-1.2065081734396337,0.3468772379752937,-0.01930451946137362,-1.383090613878672,-0.5098218936792511,-0.21888968009119877,0.013507306997805559,0.4203573053898388,Gambusia Affinis
-0.31469043019099274,0.38030161889118475,-45.83618822716362,-2.2106464837441786,-0.8788967798136541,12.07644639956123,-1.450027964804873,-0.18335589215737963,0.4505943255337724,0.5889480403061053,-4.996327587228012,-0.6838579700969424,-0.9914872877419987,1.2321009522050832,0.5281636309362058,-0.05437287501145976,-0.1684328481360791,-0.3378921112933303,-1.6726889922203465,-0.11831895999052075,-0.317597842338536,1.5511931212333103,Gambusia Affinis
0.20985696348959948,-0.03505112145863443,-61.635085523167,-7.977130522453497,-2.6996198469755415,18.42203207475026,-3.2016776715829764,2.087970636876847,-2.0558112020991173,1.388141316788517,-6.427650119058096,-2.4801008735960597,-2.2157306781405577,1.7279624032488747,0.45139941292522856,0.45135832804043424,0.5421441464296832,-2.007245531769481,-1.3362766514502538,0.043515746979375415,-1.9300973667271721,2.424636835695035,-1.651239651654519,-0.7110247833990784,1.1121091584135112,-1.034841911555396,0.06427290833185335,-0.17287886032359784,-0.22946749300350935,-0.4723986460795488,-0.568568419458245,0.102439140497293,-0.4412082796119086,1.1148476122315456,Gambusia Affinis
0.20840036947836182,-0.03767088246523387,-51.947032060216316,-4.893909238217767,-1.5970301822624335,13.958711813232572,-0.5749970241110866,2.0848578237688074,1.5937819971153997,3.0282140800316193,-5.51697503304174,-1.8085332387849962,-0.8549724741629151,0.9817773026791891,0.3227267582811217,0.7794573409188342,0.135563505871857,-0.22418129690198596,-1.9330728338585363,-0.7041818120373482,-0.6386193419360665,0.7578936362573127,Gambusia Affinis
-0.10348330922965943,-0.04421772119505318,-43.48007218649239,-2.932929310753784,-0.8726951135480586,11.496660375614251,-1.911804304944234,1.3479247991010366,0.6260011025422146,0.8869357652340674,-5.1689963262237075,-0.9780416111278537,-1.0283389916154408,0.9536585439849226,0.7235313879564466,-0.21269095578578387,0.7302786876277151,-0.44939699670457095,-1.630090900663129,0.11029976301911433,-0.7859794251527115,1.80259361375448,Gambusia Affinis
-0.8034098662956524,0.7396221774691156,-72.03047789912412,-11.031519589892879,-3.3050369177899093,21.248338952794935,-1.3509397347300485,2.3740710152320563,-2.9203621279581027,2.593493419341523,-6.922905519412002,-1.7276847580315688,-2.952256457943551,2.13665747263379,-0.6882670562629251,0.3503001244529002,0.4215376721496425,-2.6543921587817865,-1.6225063537407205,-0.6469917223797865,-1.7006370667687791,1.543188072924232,-0.8353165667989334,0.14197414393575922,1.1000551602204038,-0.6407682510098952,-0.7728183858111957,0.13692115715062145,-0.8809367862512866,0.031188476392402482,-0.9245396309615747,-0.49417683661569256,-0.3772677215624866,0.2952403428019693,Gambusia Affinis
-0.08655685655112677,-0.18525101593023674,-66.94313822704878,-4.919304920033929,-1.5513995195823396,19.315832238481207,-4.700642741886348,0.4748527219646922,0.6295336399566775,1.9330532240328024,-7.446709552163265,-0.5705283098870916,-1.9347471139390846,1.7412678981561807,-1.332065711856655,-1.0845709359767102,0.2630555797053502,-2.119710501951692,0.13435081441804134,0.9196330325340782,-0.5815997557521319,3.5691651871517216,-2.323518854852732,-1.122634822144572,-0.3372322733663078,-0.24600134806558663,-0.49656230968585297,0.8027921542609591,0.16356856047565613,-1.8220331602077273,0.09557653991214748,-1.293996069033507,-0.4904165944524179,0.9383730272871976,-0.8326142601452294,1.0449138299625595,0.345100163822605,0.9403352495044187,-0.3536587111731145,-0.8451639280729429,-0.6235781485119484,-0.16921957758107492,Gambusia Affinis
-1.0184171289431987,0.30653976833633845,-67.03470787425744,-7.876130105354949,-2.5917933906768327,19.64105677966478,-0.8516360427593912,3.0159858401914565,-0.06402442878929598,1.899736029720642,-7.08773030241746,-2.482018705052491,-2.380970996965349,1.307279759030101,-0.12364214549024437,0.572451732686337,0.5920000942679636,-1.277285568422107,-2.532765451141314,-1.285035456436791,-1.2559596104103414,1.76392461152198,-0.4077574777405194,0.024657010671606954,1.0599638577404393,-0.8468168303618717,-0.3766155792140122,0.016156964252801904,-1.1765046085934983,0.6339566142637668,Gambusia Affinis
-0.3191821455389814,0.11833376369274085,-39.905443024216666,-0.04058227860922438,-0.3552305277153011,9.909199804550525,-1.004437471282223,1.738760019488854,-1.8447623777572972,0.2567836226475506,-3.9231534436197633,-0.8216500630454148,-0.37577706207111766,1.2163371175120363,0.4999218586842193,0.7288768113314882,-0.47449470512451963,0.34045737844264135,-1.2122892780122043,0.1313268808497488,-0.43120657012895963,0.9634619780184182,Gambusia Affinis
